MY_ACCOUNT_ID=0.0.7654218 
MY_PRIVATE_KEY=3030020100300706052b8104000a04220420be033976fb2bf12d635fdbcfc13df7978b5bb528808e34d023918a803d4ba479
SECOND_ACCOUNT_ID=0.0.123456
SECOND_PRIVATE_KEY=302e020100300506032b657004220420663
